3,2
3,1
3,3
10,185
10,175
10,193
10,79
10,123
10,9
10,2
10,3
11,26
9,7
9,5
8,16
8,9
8,17
8,7
8,5
8,2
8,3
7385,3
7385,2
7385,1
7385,0
49,16
49,10
49,6
49,1
35,3
35,1
2,2
33,3
2,1
33,1
31,3
2,3
31,1
26,3
26,1
20,3
20,2
20,1
19,3
19,2
19,1
18,3
18,1
14,6
14,5
14,4
14,3
14,2
14,1
14,0
13,3
13,1
12,3
12,2
12,1
11,30
11,29
11,28
11,27
11,25
11,24
11,23
11,22
11,21
11,20
11,19
11,18
11,17
11,16
11,15
11,14
11,13
11,12
11,11
11,10
11,9
11,8
11,7
11,6
11,4
11,3
11,2
11,1
10,317
10,315
10,307
10,302
10,300
10,295
10,293
10,292
10,272
10,271
10,268
10,267
10,263
10,255
10,253
10,248
10,247
10,237
10,229
10,227
10,225
10,221
10,215
10,212
10,211
10,209
10,199
10,195
10,192
10,182
10,181
